
cornerCount =

     8


corners =

    0.2509   -1.4992
    0.2639   -1.4969
    0.2866   -1.4744
    0.2993   -1.4709
    0.3210   -1.4478
    0.3338   -1.4460
    2.5569    0.0223
    1.5748    1.4431
